Dynamics Check for SC[0]

Nb:  1   Ng:  0
Mass:  100.000000
cm:  0.000000 0.000000 0.000000
I  :  100.000000  -0.000000  -0.000000 
     -0.000000  200.000000  -0.000000 
      -0.000000 -0.000000  300.000000
PosR:  0.000000 0.000000 0.000000
VelR:  0.000000 0.000000 0.000000

Dyn Structure
-------------
Nu:  6   Nx:  7  Nf:  0
u[00]: 0.005236
u[01]: 0.006981
u[02]: 0.008727
u[03]: 0.000000
u[04]: 0.000000
u[05]: 0.000000

x[00]: 0.296883
x[01]: 0.070439
x[02]: 0.283114
x[03]: 0.909255
x[04]: 0.000000
x[05]: 0.000000
x[06]: 0.000000



Body Structure [00]
-------------------
Mass:  100.000000
cm:  0.000000 0.000000 0.000000
c:   0.000000 0.000000 0.000000
I:  100.000000 -0.000000 -0.000000
     -0.000000 200.000000 -0.000000
   -0.000000 -0.000000 300.000000
wn:  0.005236 0.006981 0.008727
qn:  0.296883 0.070439 0.283114 0.909255
vn:  0.000000 0.000000 0.000000
pn:  0.000000 0.000000 0.000000

CN:
0.829769 0.556670 0.040009
-0.473021 0.663414 0.579769
0.296198 -0.500000 0.813798
Nf: 0   f0: 0
Mf:

Kf:

Cf:

Pf:




Hf:





